3.354517 0.304265 -4.035089 0.304265
0.594747 8.626064 -7.897394 0.594747
7.754244 6.882114 8.149137 7.754244
-5.093041 5.112835 -5.812864 -5.093041
-7.922334 3.414889 0.254132 0.254132
9.238731 -8.354595 -3.712466 -3.712466
-3.583339 -0.073581 -7.654550 -3.583339
3.643481 8.215731 -1.526239 3.643481
0.666055 -3.685254 4.347411 0.666055
7.852913 -5.361419 0.452754 0.452754
5.040556 -7.072752 -3.461492 -3.461492
2.265837 1.219970 -7.379437 1.219970
-0.604707 9.460230 -1.366346 -0.604707
-3.349457 7.820652 4.789396 4.789396
-6.234753 -4.012069 0.737816 -4.012069
-9.082029 -5.733114 -3.180264 -5.733114
8.009024 -7.565359 -7.234443 -7.234443
-4.683439 0.846745 8.978260 0.846745
-7.584636 9.029673 4.951980 4.951980
9.620655 7.356571 1.057130 7.356571
6.832296 -4.339221 -2.834479 -2.834479
3.806700 -6.297961 3.034842 3.034842
1.139956 2.155943 -0.724795 1.139956
8.272943 0.364147 -4.726256 0.364147
5.373064 -1.430410 -8.748043 -1.430410
2.625360 -3.067852 7.419775 2.625360
9.878403 -4.736446 3.562330 3.562330
-3.065225 -6.597915 9.485443 -3.065225
-5.900878 -8.318258 5.544257 -5.900878
-8.777261 -0.107873 -8.470440 -8.470440
-1.486953 -1.752131 7.705400 -1.486953
-4.400585 -3.584871 3.642416 -3.584871
-7.161969 -5.188775 9.798403 -5.188775
9.957474 2.979970 -4.227771 2.979970
7.072018 1.214744 1.810443 1.810443
4.394938 -0.362678 -1.965858 -0.362678
-8.551147 -2.279617 -6.071129 -6.071129
-1.427179 5.992905 9.950113 5.992905
-4.252438 4.248392 6.013086 4.248392
-7.013563 2.564504 -7.878779 -7.013563
-9.834822 -9.138435 8.222471 -9.138435
7.322681 9.145182 4.282900 7.322681
4.438100 -2.699409 0.227952 0.227952
1.666803 -4.354252 -3.637204 -3.637204
8.880024 3.920060 -7.542939 3.920060


