3.354517 0.304265 -4.035089 -0.125436
0.594747 8.626064 -7.897394 0.441139
7.754244 6.882114 8.149137 7.595165
-5.093041 5.112835 -5.812864 -1.931023
-7.922334 3.414889 0.254132 -1.417771
9.238731 -8.354595 -3.712466 -0.942777
-3.583339 -0.073581 -7.654550 -3.770490
3.643481 8.215731 -1.526239 3.444324
0.666055 -3.685254 4.347411 0.442737
7.852913 -5.361419 0.452754 0.981416
5.040556 -7.072752 -3.461492 -1.831229
2.265837 1.219970 -7.379437 -1.297877
-0.604707 9.460230 -1.366346 2.496392
-3.349457 7.820652 4.789396 3.086864
-6.234753 -4.012069 0.737816 -3.169669
-9.082029 -5.733114 -3.180264 -5.998469
8.009024 -7.565359 -7.234443 -2.263593
-4.683439 0.846745 8.978260 1.713855
-7.584636 9.029673 4.951980 2.132339
9.620655 7.356571 1.057130 6.011452
6.832296 -4.339221 -2.834479 -0.113801
3.806700 -6.297961 3.034842 0.181193
1.139956 2.155943 -0.724795 0.857034
8.272943 0.364147 -4.726256 1.303611
5.373064 -1.430410 -8.748043 -1.601797
2.625360 -3.067852 7.419775 2.325761
9.878403 -4.736446 3.562330 2.901429
-3.065225 -6.597915 9.485443 -0.059232
-5.900878 -8.318258 5.544257 -2.891627
-8.777261 -0.107873 -8.470440 -5.785191
-1.486953 -1.752131 7.705400 1.488772
-4.400585 -3.584871 3.642416 -1.447680
-7.161969 -5.188775 9.798403 -0.850780
9.957474 2.979970 -4.227771 2.903224
7.072018 1.214744 1.810443 3.365735
4.394938 -0.362678 -1.965858 0.688801
-8.551147 -2.279617 -6.071129 -5.633964
-1.427179 5.992905 9.950113 4.838613
-4.252438 4.248392 6.013086 2.003014
-7.013563 2.564504 -7.878779 -4.109279
-9.834822 -9.138435 8.222471 -3.583595
7.322681 9.145182 4.282900 6.916921
4.438100 -2.699409 0.227952 0.655548
1.666803 -4.354252 -3.637204 -2.108217
8.880024 3.920060 -7.542939 1.752382


